<?xml version="1.0"?>
<opencv_storage>
<calibration_time>"Sun 10 May 2020 06:04:42 PM CDT"</calibration_time>
<nr_of_frames>7</nr_of_frames>
<image_width>640</image_width>
<image_height>480</image_height>
<board_width>9</board_width>
<board_height>6</board_height>
<square_size>50.</square_size>
<fix_aspect_ratio>1.</fix_aspect_ratio>
<!-- flags: +fix_aspectRatio +fix_principal_point +zero_tangent_dist +fix_k4 +fix_k5 -->
<flags>6158</flags>
<fisheye_model>0</fisheye_model>
<camera_matrix type_id="opencv-matrix">
  <rows>3</rows>
  <cols>3</cols>
  <dt>d</dt>
  <data>
    6.5746697944293521e+002 0. 3.1950000000000000e+002 0.
    6.5746697944293521e+002 2.3950000000000000e+002 0. 0. 1.</data></camera_matrix>
<distortion_coefficients type_id="opencv-matrix">
  <rows>5</rows>
  <cols>1</cols>
  <dt>d</dt>
  <data>
    -4.1802327176423804e-001 5.0715244063187526e-001 0. 0.
    -5.7843597214487474e-001</data></distortion_coefficients>
<avg_reprojection_error>1.7935450826864460e-01</avg_reprojection_error>
<per_view_reprojection_errors type_id="opencv-matrix">
  <rows>7</rows>
  <cols>1</cols>
  <dt>f</dt>
  <data>
    1.09703936e-01 3.24886173e-01 7.32049346e-02 1.86903775e-01
    1.88309684e-01 1.26283810e-01 1.26056269e-01</data></per_view_reprojection_errors>
<!-- a set of 6-tuples (rotation vector + translation vector) for each view -->
<extrinsic_parameters type_id="opencv-matrix">
  <rows>7</rows>
  <cols>6</cols>
  <dt>d</dt>
  <data>
    9.4549012641333197e-02 2.7819725724638644e-02
    -4.3175952670303479e-03 -1.8405331311100210e+02
    -1.3545604856930206e+02 1.5002719570370830e+03
    6.9972660294396055e-02 2.0972156547726599e-02 4.5890641037388651e-03
    -1.9509225686509467e+02 -1.2491101220550756e+02
    1.5042169985011910e+03 7.8578181347394749e-02 2.0412791517816643e-02
    3.2299977660915137e-03 -1.9059381896641543e+02
    -1.1738044828413268e+02 1.5096153038255122e+03
    8.1296025402960936e-02 5.5778477646776358e-03 1.6803649986014003e-02
    -2.0231798396920763e+02 -1.3157501699349842e+02
    1.5058555667119051e+03 8.1744944293945770e-02 7.4458839403062837e-03
    1.5752046483414030e-02 -2.0157899607865036e+02
    -1.3032061736293187e+02 1.5064362209440249e+03
    8.2097231762673362e-02 5.3825555817593289e-03 1.5633228615835944e-02
    -2.0163579843604973e+02 -1.2948484595252248e+02
    1.5079938530800639e+03 7.9191453358582506e-02 4.9062368046552266e-03
    1.6382326621574881e-02 -2.0221751511211752e+02
    -1.3198567691564674e+02 1.5065587889041965e+03</data></extrinsic_parameters>
<image_points type_id="opencv-matrix">
  <rows>7</rows>
  <cols>54</cols>
  <dt>"2f"</dt>
  <data>
    1.73094589e+02 1.31799881e+02 2.12832581e+02 1.31733353e+02
    2.52588577e+02 1.31561035e+02 2.92334106e+02 1.31380203e+02
    3.32057251e+02 1.31223328e+02 3.71893463e+02 1.30933426e+02
    4.11830383e+02 1.30680923e+02 4.51861053e+02 1.30504608e+02
    4.92109924e+02 1.30232117e+02 1.73870255e+02 1.71621262e+02
    2.13514374e+02 1.71481445e+02 2.53136520e+02 1.71342148e+02
    2.92656494e+02 1.71185852e+02 3.32340210e+02 1.70991486e+02
    3.71983154e+02 1.70801727e+02 4.11799377e+02 1.70645493e+02
    4.51648987e+02 1.70484680e+02 4.91713867e+02 1.70272430e+02
    1.74723694e+02 2.11171371e+02 2.14195602e+02 2.11030624e+02
    2.53590134e+02 2.10861359e+02 2.93087799e+02 2.10745682e+02
    3.32547974e+02 2.10562531e+02 3.72076447e+02 2.10426758e+02
    4.11764740e+02 2.10317291e+02 4.51510864e+02 2.10171570e+02
    4.91426300e+02 2.10082016e+02 1.75430695e+02 2.50384018e+02
    2.14726532e+02 2.50264908e+02 2.54147141e+02 2.50192810e+02
    2.93422150e+02 2.50056442e+02 3.32695465e+02 2.49952408e+02
    3.72211121e+02 2.49882187e+02 4.11720032e+02 2.49778412e+02
    4.51393158e+02 2.49709167e+02 4.91174500e+02 2.49626709e+02
    1.76174713e+02 2.89362030e+02 2.15356552e+02 2.89243713e+02
    2.54518539e+02 2.89169952e+02 2.93646912e+02 2.89085571e+02
    3.32938354e+02 2.89031677e+02 3.72269348e+02 2.89012665e+02
    4.11737000e+02 2.88982666e+02 4.51243744e+02 2.88980103e+02
    4.90910309e+02 2.88984711e+02 1.76673599e+02 3.28202698e+02
    2.15822403e+02 3.28019440e+02 2.54856033e+02 3.27956726e+02
    2.94009003e+02 3.27898254e+02 3.33136627e+02 3.27875854e+02
    3.72367004e+02 3.27865326e+02 4.11672241e+02 3.27903442e+02
    4.51115112e+02 3.27970245e+02 4.90627899e+02 3.28044495e+02
    1.64486450e+02 1.39858887e+02 2.04283920e+02 1.40288712e+02
    2.43886353e+02 1.40479477e+02 2.83537262e+02 1.40756653e+02
    3.23220215e+02 1.40986191e+02 3.62828278e+02 1.41194931e+02
    4.02576904e+02 1.41394012e+02 4.42351898e+02 1.41585663e+02
    4.82293701e+02 1.41779984e+02 1.64956375e+02 1.79862228e+02
    2.04578522e+02 1.80123444e+02 2.44140030e+02 1.80362991e+02
    2.83611847e+02 1.80576874e+02 3.23152496e+02 1.80819519e+02
    3.62677124e+02 1.81088730e+02 4.02292542e+02 1.81323364e+02
    4.41926697e+02 1.81505386e+02 4.81736847e+02 1.81708221e+02
    1.65430923e+02 2.19487503e+02 2.04829742e+02 2.19689438e+02
    2.44315598e+02 2.19971146e+02 2.83662720e+02 2.20226089e+02
    3.23082886e+02 2.20447250e+02 3.62501526e+02 2.20662064e+02
    4.01982727e+02 2.20925308e+02 4.41544312e+02 2.21193726e+02
    4.81247833e+02 2.21444565e+02 1.65723572e+02 2.58898895e+02
    2.05176315e+02 2.59150757e+02 2.44442780e+02 2.59354767e+02
    2.83720184e+02 2.59599823e+02 3.22989929e+02 2.59830414e+02
    3.62374237e+02 2.60167480e+02 4.01704041e+02 2.60419403e+02
    4.41160126e+02 2.60711639e+02 4.80687561e+02 2.61011963e+02
    1.66137283e+02 2.98177460e+02 2.05427094e+02 2.98339935e+02
    2.44588394e+02 2.98533600e+02 2.83756256e+02 2.98766144e+02
    3.22958801e+02 2.99107697e+02 3.62209045e+02 2.99357880e+02
    4.01495728e+02 2.99666687e+02 4.40783051e+02 2.99997650e+02
    4.80269196e+02 3.00354767e+02 1.66395828e+02 3.37225891e+02
    2.05590530e+02 3.37284332e+02 2.44722031e+02 3.37510956e+02
    2.83812988e+02 3.37753418e+02 3.22889191e+02 3.38064850e+02
    3.62109589e+02 3.38410675e+02 4.01241516e+02 3.38717010e+02
    4.40493713e+02 3.39080109e+02 4.79805267e+02 3.39474884e+02
    1.69023285e+02 1.46851608e+02 2.08520874e+02 1.47155029e+02
    2.47936340e+02 1.47261169e+02 2.87409912e+02 1.47342392e+02
    3.26886505e+02 1.47404037e+02 3.66421509e+02 1.47473434e+02
    4.06028412e+02 1.47578766e+02 4.45697571e+02 1.47651596e+02
    4.85546143e+02 1.47695511e+02 1.69402618e+02 1.86412598e+02
    2.08701630e+02 1.86516983e+02 2.48080521e+02 1.86671432e+02
    2.87420593e+02 1.86774902e+02 3.26787415e+02 1.86883789e+02
    3.66237030e+02 1.87034775e+02 4.05674500e+02 1.87149521e+02
    4.45282135e+02 1.87251572e+02 4.84981781e+02 1.87363922e+02
    1.69639435e+02 2.25589966e+02 2.08905487e+02 2.25792847e+02
    2.48208984e+02 2.25871521e+02 2.87404602e+02 2.26077347e+02
    3.26678009e+02 2.26193375e+02 3.66015869e+02 2.26346283e+02
    4.05427704e+02 2.26469131e+02 4.44867035e+02 2.26631958e+02
    4.84480713e+02 2.26846741e+02 1.69880753e+02 2.64664337e+02
    2.09188461e+02 2.64799561e+02 2.48324219e+02 2.64966705e+02
    2.87407684e+02 2.65128326e+02 3.26592377e+02 2.65307068e+02
    3.65800323e+02 2.65477509e+02 4.05135559e+02 2.65721619e+02
    4.44487305e+02 2.65951141e+02 4.84005310e+02 2.66156921e+02
    1.70275696e+02 3.03481659e+02 2.09359146e+02 3.03629181e+02
    2.48389633e+02 3.03814819e+02 2.87406647e+02 3.03992126e+02
    3.26460846e+02 3.04244934e+02 3.65605408e+02 3.04423431e+02
    4.04826111e+02 3.04669708e+02 4.44114471e+02 3.04963104e+02
    4.83554321e+02 3.05212219e+02 1.70392807e+02 3.42272064e+02
    2.09456741e+02 3.42288727e+02 2.48421768e+02 3.42451508e+02
    2.87389038e+02 3.42691132e+02 3.26351410e+02 3.42958252e+02
    3.65421356e+02 3.43196777e+02 4.04549896e+02 3.43461975e+02
    4.43774475e+02 3.43785797e+02 4.83129669e+02 3.44152100e+02
    1.58944748e+02 1.35163513e+02 1.98782059e+02 1.35900909e+02
    2.38475739e+02 1.36645752e+02 2.78014923e+02 1.37470566e+02
