<?xml version="1.0"?>
<opencv_storage>
<calibration_time>"Sun 10 May 2020 12:30:25 PM CDT"</calibration_time>
<nr_of_frames>7</nr_of_frames>
<image_width>640</image_width>
<image_height>480</image_height>
<board_width>9</board_width>
<board_height>6</board_height>
<square_size>50.</square_size>
<fix_aspect_ratio>1.</fix_aspect_ratio>
<!-- flags: +fix_aspectRatio +fix_principal_point +zero_tangent_dist +fix_k4 +fix_k5 -->
<flags>6158</flags>
<fisheye_model>0</fisheye_model>
<camera_matrix type_id="opencv-matrix">
  <rows>3</rows>
  <cols>3</cols>
  <dt>d</dt>
  <data>
    6.4084390166671892e+02 0. 3.1950000000000000e+02 0.
    6.4084390166671892e+02 2.3950000000000000e+02 0. 0. 1.</data></camera_matrix>
<distortion_coefficients type_id="opencv-matrix">
  <rows>5</rows>
  <cols>1</cols>
  <dt>d</dt>
  <data>
    1.5930857234375113e-02 5.2755506252846573e-01 0. 0.
    -1.7798662321127412e+00</data></distortion_coefficients>
<avg_reprojection_error>5.3944143300346847e-01</avg_reprojection_error>
<per_view_reprojection_errors type_id="opencv-matrix">
  <rows>7</rows>
  <cols>1</cols>
  <dt>f</dt>
  <data>
    5.23540497e-01 4.06095743e-01 5.32104254e-01 5.04195333e-01
    6.73763990e-01 5.55349350e-01 5.46124756e-01</data></per_view_reprojection_errors>
<!-- a set of 6-tuples (rotation vector + translation vector) for each view -->
<extrinsic_parameters type_id="opencv-matrix">
  <rows>7</rows>
  <cols>6</cols>
  <dt>d</dt>
  <data>
    6.5693857413166787e-02 -4.6532210639924632e-02
    -2.0680417546009417e-03 -1.7220223302584506e+02
    -1.2257729857908178e+02 5.3702432450550680e+02
    6.2420873780122538e-02 -3.3214515735585148e-02
    -9.5747443758485914e-03 -1.5818136901621122e+02
    -1.1852843921906469e+02 5.3980618803967002e+02
    6.8275217090079207e-02 -4.8086041253209026e-02
    4.5339867413512255e-03 -1.7508141362724965e+02
    -1.2058041111006362e+02 5.3747425643561974e+02
    6.3835591753061499e-02 -5.8455915539716137e-02
    5.6426635458599649e-03 -1.8572051764048757e+02
    -1.1814710729982505e+02 5.3744917967680863e+02
    6.8931095702712220e-02 -5.8332256838254888e-02
    6.8283955391719624e-03 -1.8738045941827670e+02
    -1.1940503113479726e+02 5.3781392731990377e+02
    7.0090093760975691e-02 -5.6845868001068015e-02
    6.5132944392246950e-03 -1.8425185974994181e+02
    -1.2031495325049399e+02 5.3642216633824501e+02
    6.7166127425413086e-02 -5.8179057270270375e-02
    5.9247908419543752e-03 -1.8795216463097481e+02
    -1.2181004567072186e+02 5.3582875906260392e+02</data></extrinsic_parameters>
<image_points type_id="opencv-matrix">
  <rows>7</rows>
  <cols>54</cols>
  <dt>"2f"</dt>
  <data>
    1.11466850e+02 9.24647064e+01 1.72845230e+02 9.33046722e+01
    2.33303253e+02 9.39250565e+01 2.92769531e+02 9.44859390e+01
    3.51745148e+02 9.49220047e+01 4.10316254e+02 9.52742844e+01
    4.68409943e+02 9.56233063e+01 5.26403870e+02 9.57982101e+01
    5.84422241e+02 9.58871689e+01 1.13265144e+02 1.52969772e+02
    1.74197083e+02 1.53334930e+02 2.34034286e+02 1.53571838e+02
    2.93173004e+02 1.53783447e+02 3.51606323e+02 1.53952179e+02
    4.09813751e+02 1.54080933e+02 4.67539886e+02 1.54246750e+02
    5.25112305e+02 1.54402390e+02 5.82586304e+02 1.54399872e+02
    1.14912155e+02 2.12392731e+02 1.75311554e+02 2.12404221e+02
    2.34733597e+02 2.12334122e+02 2.93459900e+02 2.12244781e+02
    3.51605347e+02 2.12189621e+02 4.09407227e+02 2.12140045e+02
    4.66800293e+02 2.12114899e+02 5.23870728e+02 2.12079010e+02
    5.81038940e+02 2.12133255e+02 1.16306908e+02 2.71233948e+02
    1.76373474e+02 2.70702820e+02 2.35388947e+02 2.70359711e+02
    2.93739929e+02 2.70076416e+02 3.51537628e+02 2.69739685e+02
    4.09069611e+02 2.69551453e+02 4.66065704e+02 2.69314453e+02
    5.22845703e+02 2.69106293e+02 5.79615112e+02 2.69026550e+02
    1.17506752e+02 3.29294830e+02 1.77252029e+02 3.28456268e+02
    2.36007462e+02 3.27717621e+02 2.94009644e+02 3.27224274e+02
    3.51571320e+02 3.26645416e+02 4.08651093e+02 3.26185852e+02
    4.65490814e+02 3.25752625e+02 5.21938904e+02 3.25479187e+02
    5.78544312e+02 3.25364624e+02 1.18502289e+02 3.87009033e+02
    1.77987564e+02 3.85683838e+02 2.36494751e+02 3.84565704e+02
    2.94337097e+02 3.83715973e+02 3.51558319e+02 3.82999512e+02
    4.08465302e+02 3.82437622e+02 4.64856628e+02 3.81811768e+02
    5.21276184e+02 3.81503662e+02 5.77529419e+02 3.81282349e+02
    1.29637863e+02 9.81490326e+01 1.90281799e+02 9.83365097e+01
    2.50222824e+02 9.82699738e+01 3.09443512e+02 9.80928574e+01
    3.68379547e+02 9.78845139e+01 4.26951416e+02 9.75717087e+01
    4.85390289e+02 9.73725739e+01 5.43740234e+02 9.68907242e+01
    6.02557068e+02 9.63688660e+01 1.31807770e+02 1.58274155e+02
    1.92052902e+02 1.57998184e+02 2.51371063e+02 1.57672775e+02
    3.10281555e+02 1.57339157e+02 3.68657349e+02 1.56870972e+02
    4.27008972e+02 1.56552277e+02 4.84948608e+02 1.56173599e+02
    5.42854309e+02 1.55660507e+02 6.01136353e+02 1.55162094e+02
    1.33843704e+02 2.17404327e+02 1.93497681e+02 2.16855591e+02
    2.52465775e+02 2.16356461e+02 3.10852081e+02 2.15757584e+02
    3.69148529e+02 2.15288513e+02 4.26903931e+02 2.14661530e+02
    4.84636719e+02 2.14261230e+02 5.42178040e+02 2.13677155e+02
    6.00013672e+02 2.13224182e+02 1.35398621e+02 2.75974915e+02
    1.94786850e+02 2.75119720e+02 2.53427139e+02 2.74304199e+02
    3.11620361e+02 2.73625580e+02 3.69366943e+02 2.72832367e+02
    4.27000641e+02 2.72359314e+02 4.84277283e+02 2.71588043e+02
    5.41533264e+02 2.71149292e+02 5.98980469e+02 2.70577576e+02
    1.36811539e+02 3.33809448e+02 1.95888718e+02 3.32624420e+02
    2.54303070e+02 3.31678558e+02 3.12134216e+02 3.30733185e+02
    3.69609802e+02 3.29895294e+02 4.26823517e+02 3.29149689e+02
    4.83943451e+02 3.28500641e+02 5.40884277e+02 3.27809631e+02
    5.98262451e+02 3.27518677e+02 1.37888840e+02 3.91253143e+02
    1.96823059e+02 3.89776825e+02 2.54946304e+02 3.88477570e+02
    3.12559784e+02 3.87423920e+02 3.69782379e+02 3.86413391e+02
    4.26801880e+02 3.85612091e+02 4.83574188e+02 3.84819031e+02
    5.40488098e+02 3.84278778e+02 5.97549011e+02 3.83890930e+02
    1.08724525e+02 9.54965439e+01 1.70090576e+02 9.66631012e+01
    2.30438995e+02 9.75660400e+01 2.89791779e+02 9.84241943e+01
    3.48618286e+02 9.91964111e+01 4.07030273e+02 9.98346863e+01
    4.65038391e+02 1.00440483e+02 5.22744934e+02 1.00946075e+02
    5.80638672e+02 1.01357925e+02 1.09978699e+02 1.55703476e+02
    1.70875412e+02 1.56427689e+02 2.30631195e+02 1.56972626e+02
    2.89601410e+02 1.57504135e+02 3.48058929e+02 1.57906158e+02
    4.06043610e+02 1.58399078e+02 4.63662933e+02 1.58820389e+02
    5.21019775e+02 1.59316162e+02 5.78345398e+02 1.59647507e+02
    1.11066124e+02 2.15068344e+02 1.71406082e+02 2.15329407e+02
    2.30752960e+02 2.15514252e+02 2.89384979e+02 2.15720871e+02
    3.47508545e+02 2.16029648e+02 4.05154358e+02 2.16242401e+02
    4.62478668e+02 2.16516632e+02 5.19370239e+02 2.16763458e+02
    5.76292175e+02 2.17053802e+02 1.11778954e+02 2.73682159e+02
    1.71878998e+02 2.73488708e+02 2.30842834e+02 2.73431183e+02
    2.89158508e+02 2.73411865e+02 3.46908752e+02 2.73405090e+02
    4.04342377e+02 2.73478424e+02 4.61173889e+02 2.73567078e+02
    5.17887268e+02 2.73665009e+02 5.74472961e+02 2.73775330e+02
    1.12408783e+02 3.31659546e+02 1.72216843e+02 3.31074738e+02
    2.30904160e+02 3.30592194e+02 2.88900513e+02 3.30368225e+02
    3.46448303e+02 3.30129364e+02 4.03437866e+02 3.29885956e+02
    4.60150085e+02 3.29848602e+02 5.16491394e+02 3.29811523e+02
    5.72889587e+02 3.30057983e+02 1.12761559e+02 3.89191589e+02
    1.72396759e+02 3.88135437e+02 2.30894318e+02 3.87370514e+02
    2.88689362e+02 3.86730621e+02 3.45870850e+02 3.86317474e+02
    4.02664520e+02 3.85973480e+02 4.59024963e+02 3.85752991e+02
    5.15285156e+02 3.85635193e+02 5.71418152e+02 3.85767334e+02
    9.53061676e+01 9.78011627e+01 1.56951004e+02 9.93308716e+01
    2.17484543e+02 1.00520569e+02 2.76845062e+02 1.01635048e+02
